74
(-64,65)->(-64,65)
(-64,65)->(-64,65)
(-64,65)->(-64,65)
(-64,65)->(-64,65)
(-64,65)->(-64,65)
(-64,65)->(11,-87)
(11,-87)->(11,-87)
(11,-87)->(11,-87)
(11,-87)->(11,-87)
(11,-87)->(64,68)
(64,68)->(64,68)
(64,68)->(64,68)
(64,68)->(64,68)
(64,68)->(64,68)
(64,68)->(-60,64)
(-60,64)->(-60,64)
(-60,64)->(-60,64)
(-60,64)->(-60,64)
(-60,64)->(-60,64)
(-60,64)->(-60,64)
(-60,64)->(-60,64)
(-58,67)->(-58,67)
(-58,67)->(-58,67)
(-58,67)->(-58,67)
(-58,67)->(-64,82)
(-64,82)->(-64,82)
(-64,82)->(-64,82)
(-64,82)->(-64,82)
(-64,82)->(-64,82)
(59,71)->(59,71)
(59,71)->(59,71)
(59,71)->(59,71)
(59,71)->(59,71)
(59,71)->(59,71)
(59,71)->(63,87)
(63,87)->(63,87)
(63,87)->(63,87)
(-40,68)->(-40,68)
(-40,68)->(-40,68)
(-40,68)->(-40,68)
(-40,68)->(-40,68)
(-40,68)->(-45,83)
(-45,83)->(-45,83)
(-45,83)->(-45,83)
(-45,83)->(-45,83)
(-45,83)->(-45,83)
(45,68)->(45,68)
(45,68)->(45,68)
(45,68)->(45,68)
(45,68)->(47,84)
(47,84)->(47,84)
(47,84)->(47,84)
(47,84)->(47,84)
(47,84)->(47,84)
(8,-56)->(8,-56)
(8,-56)->(8,-56)
(8,-56)->(8,-56)
(8,-56)->(8,-56)
(8,-56)->(8,-56)
(8,-56)->(-3,-28)
(-3,-28)->(-3,-28)
(-3,-28)->(-3,-28)
(-3,-28)->(-3,-28)
(-3,-28)->(16,-26)
(16,-26)->(16,-26)
(16,-26)->(16,-26)
(16,-26)->(16,-26)
(16,-26)->(16,-26)
(16,-26)->(9,-54)
(9,-54)->(9,-54)
(9,-54)->(9,-54)
(9,-54)->(9,-54)
(9,-54)->(9,-54)
(9,-54)->(9,-54)
